sun 1988500e24 0 0 0 0 0 0
mercury 3.302e23 1.749E+09 4.074E+10 2.158E+10 -5.845E+04 1.079E+3 6.635E+3
venus 48.685e23 -6.656E+10 -7.945E+10 -3.154E+10 2.738E+04 -1.915E+04 -1.035E+04
earth 5.97219e24 -1.372E+11 5.128E+10 2.223E+10 -1.173E+04 -2.541E+04 -1.101E+04
mars 6.4171e23 6.851E+10 1.987E+11 8.927E+10 -2.220E+04 8.267E+03 4.391E+03
jupiter 1898.13E+24 -2.601E+11 -6.955E+11 -2.918E+11 1.220E+04 -3.243E+03 -1.67E+03
saturn 5.6834E+26 3.371E+11 -1.350E+12 -5.722E+11 8.897E+03 2.111E+03 4.893E+02
uranus 86.813E24 2.528E+12 1.441E+12 5.956E+11 -3.613E+03 4.996E+03 2.239E+03
neptune 102.413E24 4.342E+12 -9.731E+11 -5.064E+11 1.306E+03 4.919E+03 1.981E+03
pluto 1.307E+22 1.803E+12 -4.320E+12 -1.891E+12 5.194E+03 1.340E+03 -1.145E+03
halleys_comet 2.2E+14 -3.0473E+12 4.216E+12 2.0434E+11 3.142E+02 1.051E+03 3.456E+02
moon 7.349E+22 -1.373E+11 5.092E+10 2.210E+10 -1.080E+04 -2.5694E+04 -1.121E+04
